
18432.0 11280.0 11232.0 12528.0

14232.0 14832.0 11640.0 12288.0

12768.0 14040.0 11904.0 11088.0

13056.0 12504.0 10464.0 11376.0

14616.0 16080.0 10296.0 10800.0

11568.0 9672.0 10824.0 14448.0

12912.0 13800.0 10272.0 12216.0

10728.0 11112.0 11472.0 13488.0

11280.0 9450.0 6919.0 8411.0

8924.0 8806.0 6463.0 8259.0

7509.0 9334.0 8185.0 7315.0

8673.0 7527.0 5890.0 6492.0

10032.0 10162.0 6564.0 6708.0

7555.0 6303.0 6841.0 9429.0

8145.0 8319.0 6826.0 8351.0

6706.0 6868.0 7617.0 9347.0

11232.0 6919.0 9398.0 7409.0

8557.0 9405.0 8145.0 7141.0

7934.0 7501.0 7450.0 6728.0

7836.0 7765.0 6431.0 6923.0

9037.0 9573.0 6376.0 6684.0

7769.0 4994.0 6917.0 8854.0

8880.0 8672.0 6513.0 6088.0

5326.0 6872.0 6406.0 8191.0

12528.0 8411.0 7409.0 11166.0

9712.0 10087.0 7607.0 8892.0

8144.0 10228.0 8799.0 8120.0

8512.0 8090.0 6968.0 7991.0

10672.0 11133.0 6799.0 6598.0

7805.0 6948.0 6863.0 10502.0

8932.0 9458.0 6991.0 8981.0

7927.0 7676.0 8679.0 9321.0

14232.0 8924.0 8557.0 9712.0

13605.0 11314.0 8724.0 9760.0

9374.0 11511.0 9607.0 8226.0

10521.0 9745.0 7747.0 7963.0

11723.0 12480.0 8552.0 8022.0

9294.0 8588.0 8518.0 11413.0

9709.0 10862.0 8184.0 10156.0

8425.0 8604.0 8900.0 9966.0

14832.0 8806.0 9405.0 10087.0

11314.0 14200.0 9508.0 9858.0

10598.0 11675.0 9378.0 9284.0

10653.0 10497.0 8290.0 9602.0

11814.0 12306.0 8604.0 9351.0

8675.0 8108.0 8425.0 11022.0

10586.0 10692.0 8413.0 9347.0

7925.0 9439.0 8788.0 10173.0

11640.0 6463.0 8145.0 7607.0

8724.0 9508.0 9983.0 7508.0

8266.0 7977.0 6813.0 7366.0

8109.0 7882.0 6357.0 7628.0

9362.0 10690.0 7133.0 7371.0

8009.0 5625.0 7413.0 8643.0

8689.0 9724.0 6439.0 6988.0

5878.0 7108.0 6937.0 9128.0

12288.0 8259.0 7141.0 8892.0

9760.0 9858.0 7508.0 11188.0

8395.0 9900.0 7956.0 7311.0

8073.0 8694.0 6526.0 6488.0

9985.0 10696.0 6936.0 6034.0

7695.0 6635.0 7173.0 10675.0

8242.0 9329.0 6663.0 8510.0

7466.0 7825.0 7583.0 9511.0

12768.0 7509.0 7934.0 8144.0

9374.0 10598.0 8266.0 8395.0

12150.0 9690.0 8037.0 7378.0

9328.0 9501.0 7498.0 8106.0

9139.0 10680.0 7727.0 7265.0

8595.0 6442.0 7504.0 9433.0

10031.0 9303.0 7755.0 7379.0

7395.0 8111.0 7190.0 9725.0

14040.0 9334.0 7501.0 10228.0

11511.0 11675.0 7977.0 9900.0

9690.0 13783.0 9022.0 8685.0

10420.0 9534.0 7654.0 8717.0

11764.0 11916.0 7462.0 8071.0

9005.0 7909.0 8785.0 10684.0

10077.0 10573.0 8388.0 10110.0

8941.0 8748.0 9562.0 10161.0

11904.0 8185.0 7450.0 8799.0

9607.0 9378.0 6813.0 7956.0

8037.0 9022.0 10184.0 6884.0

8924.0 8092.0 7106.0 7422.0

9145.0 9905.0 6466.0 7595.0

7312.0 6833.0 7829.0 9816.0

8464.0 8205.0 6877.0 7849.0

6608.0 7534.0 7709.0 9187.0

11088.0 7315.0 6728.0 8120.0

8226.0 9284.0 7366.0 7311.0

7378.0 8685.0 6884.0 9506.0

8574.0 7671.0 6172.0 6904.0

10000.0 10719.0 6704.0 6888.0

6199.0 6011.0 6478.0 8650.0

7113.0 8957.0 5888.0 7395.0

6596.0 6752.0 7098.0 8132.0

13056.0 8673.0 7836.0 8512.0

10521.0 10653.0 8109.0 8073.0

9328.0 10420.0 8924.0 8574.0

11778.0 9346.0 7231.0 8181.0

10479.0 11740.0 7668.0 8180.0

8351.0 6918.0 8916.0 9858.0

9087.0 10003.0 7978.0 9178.0

7118.0 8055.0 8372.0 9478.0

12504.0 7527.0 7765.0 8090.0

9745.0 10497.0 7882.0 8694.0

9501.0 9534.0 8092.0 7671.0

9346.0 10733.0 6710.0 7884.0

9598.0 10426.0 6243.0 7224.0

7798.0 6388.0 7996.0 10259.0

8688.0 9576.0 6658.0 7393.0

7343.0 8572.0 7725.0 8652.0

10464.0 5890.0 6431.0 6968.0

7747.0 8290.0 6357.0 6526.0

7498.0 7654.0 7106.0 6172.0

7231.0 6710.0 9532.0 7193.0

7947.0 9117.0 6475.0 6850.0

6919.0 5493.0 6739.0 8573.0

6315.0 7916.0 6077.0 6877.0

6622.0 6024.0 5551.0 8077.0

11376.0 6492.0 6923.0 7991.0

7963.0 9602.0 7628.0 6488.0

8106.0 8717.0 7422.0 6904.0

8181.0 7884.0 7193.0 9326.0

8534.0 9787.0 6133.0 7862.0

6839.0 6598.0 6902.0 8425.0

8355.0 8276.0 6286.0 7310.0

6363.0 7719.0 7129.0 8355.0

14616.0 10032.0 9037.0 10672.0

11723.0 11814.0 9362.0 9985.0

9139.0 11764.0 9145.0 10000.0

10479.0 9598.0 7947.0 8534.0

14439.0 13571.0 9026.0 8992.0

9833.0 7811.0 8783.0 11873.0

10408.0 11693.0 8617.0 10946.0

9321.0 8325.0 9973.0 11331.0

16080.0 10162.0 9573.0 11133.0

12480.0 12306.0 10690.0 10696.0

10680.0 11916.0 9905.0 10719.0

11740.0 10426.0 9117.0 9787.0

13571.0 15852.0 9677.0 9518.0

9921.0 8398.0 9361.0 13057.0

11034.0 12380.0 8915.0 11289.0

9669.0 9368.0 10202.0 12281.0

10296.0 6564.0 6376.0 6799.0

8552.0 8604.0 7133.0 6936.0

7727.0 7462.0 6466.0 6704.0

7668.0 6243.0 6475.0 6133.0

9026.0 9677.0 8461.0 6589.0

6963.0 5987.0 6071.0 7884.0

7561.0 7876.0 5864.0 7456.0

6049.0 5692.0 6233.0 7903.0

10800.0 6708.0 6684.0 6598.0

8022.0 9351.0 7371.0 6034.0

7265.0 8071.0 7595.0 6888.0

8180.0 7224.0 6850.0 7862.0

8992.0 9518.0 6589.0 9752.0

6835.0 6624.0 7039.0 7936.0

7742.0 7666.0 6597.0 7066.0

5011.0 6997.0 6565.0 8382.0

11568.0 7555.0 7769.0 7805.0

9294.0 8675.0 8009.0 7695.0

8595.0 9005.0 7312.0 6199.0

8351.0 7798.0 6919.0 6839.0

9833.0 9921.0 6963.0 6835.0

9858.0 6138.0 7761.0 8747.0

8738.0 9273.0 7121.0 7528.0

6813.0 6541.0 7456.0 9179.0

9672.0 6303.0 4994.0 6948.0

8588.0 8108.0 5625.0 6635.0

6442.0 7909.0 6833.0 6011.0

6918.0 6388.0 5493.0 6598.0

7811.0 8398.0 5987.0 6624.0

6138.0 8341.0 4894.0 7059.0

5859.0 7059.0 5086.0 7173.0

5798.0 6221.0 6292.0 7332.0

10824.0 6841.0 6917.0 6863.0

8518.0 8425.0 7413.0 7173.0

7504.0 8785.0 7829.0 6478.0

8916.0 7996.0 6739.0 6902.0

8783.0 9361.0 6071.0 7039.0

7761.0 4894.0 9283.0 8353.0

7865.0 8470.0 6894.0 6785.0

6391.0 6640.0 7119.0 8359.0

14448.0 9429.0 8854.0 10502.0

11413.0 11022.0 8643.0 10675.0

9433.0 10684.0 9816.0 8650.0

9858.0 10259.0 8573.0 8425.0

11873.0 13057.0 7884.0 7936.0

8747.0 7059.0 8353.0 13768.0

10279.0 10534.0 8170.0 9785.0

9280.0 9112.0 8934.0 10780.0

12912.0 8145.0 8880.0 8932.0

9709.0 10586.0 8689.0 8242.0

10031.0 10077.0 8464.0 7113.0

9087.0 8688.0 6315.0 8355.0

10408.0 11034.0 7561.0 7742.0

8738.0 5859.0 7865.0 10279.0

12192.0 9073.0 8028.0 8020.0

7013.0 8069.0 8606.0 9426.0

13800.0 8319.0 8672.0 9458.0

10862.0 10692.0 9724.0 9329.0

9303.0 10573.0 8205.0 8957.0

10003.0 9576.0 7916.0 8276.0

11693.0 12380.0 7876.0 7666.0

9273.0 7059.0 8470.0 10534.0

9073.0 12741.0 8291.0 9523.0

8096.0 7805.0 8678.0 10067.0

10272.0 6826.0 6513.0 6991.0

8184.0 8413.0 6439.0 6663.0

7755.0 8388.0 6877.0 5888.0

7978.0 6658.0 6077.0 6286.0

8617.0 8915.0 5864.0 6597.0

7121.0 5086.0 6894.0 8170.0

8028.0 8291.0 8574.0 7379.0

5886.0 5826.0 6157.0 8056.0

12216.0 8351.0 6088.0 8981.0

10156.0 9347.0 6988.0 8510.0

7379.0 10110.0 7849.0 7395.0

9178.0 7393.0 6877.0 7310.0

10946.0 11289.0 7456.0 7066.0

7528.0 7173.0 6785.0 9785.0

8020.0 9523.0 7379.0 10945.0

7642.0 6826.0 8303.0 9359.0

10728.0 6706.0 5326.0 7927.0

8425.0 7925.0 5878.0 7466.0

7395.0 8941.0 6608.0 6596.0

7118.0 7343.0 6622.0 6363.0

9321.0 9669.0 6049.0 5011.0

6813.0 5798.0 6391.0 9280.0

7013.0 8096.0 5886.0 7642.0

10623.0 6023.0 8209.0 8271.0

11112.0 6868.0 6872.0 7676.0

8604.0 9439.0 7108.0 7825.0

8111.0 8748.0 7534.0 6752.0

8055.0 8572.0 6024.0 7719.0

8325.0 9368.0 5692.0 6997.0

6541.0 6221.0 6640.0 9112.0

8069.0 7805.0 5826.0 6826.0

6023.0 8743.0 6809.0 7879.0

11472.0 7617.0 6406.0 8679.0

8900.0 8788.0 6937.0 7583.0

7190.0 9562.0 7709.0 7098.0

8372.0 7725.0 5551.0 7129.0

9973.0 10202.0 6233.0 6565.0

7456.0 6292.0 7119.0 8934.0

8606.0 8678.0 6157.0 8303.0

8209.0 6809.0 9472.0 8464.0

13488.0 9347.0 8191.0 9321.0

9966.0 10173.0 9128.0 9511.0

9725.0 10161.0 9187.0 8132.0

9478.0 8652.0 8077.0 8355.0

11331.0 12281.0 7903.0 8382.0

9179.0 7332.0 8359.0 10780.0

9426.0 10067.0 8056.0 9359.0

TLAST
8271.0 7879.0 8464.0 12664.0